11203
19765
27918
32579
3090
15753
27682
27083
12257
13180
20342
28839
18192
13652
1755
18010
15466
11290
31307
30609
23878
12240
18285
18356
20480
23409
19430
15183
1308
25773
2149
27684
3891
29537
10349
780
3493
29912
15073
29586
5629
26308
26449
21837
18466
22010
11271
30465
31043
3313
28880
1908
8576
11769
31370
28690
30809
13627
2930
15680
27607
7796
15402
12416
24188
10864
22925
22601
22508
73
21299
18852
5208
9821
1731
22406
7854
3856
29691
25585
24962
13638
9600
9929
23226
1183
23143
1655
24060
2417
15487
24127
4569
9350
12132
20066
5046
16026
1093
29171
28286
14227
7792
5753
20489
3454
21666
20810
10571
30542
