943
535
820
239
381
92
544
118
374
649
994
180
558
976
343
963
815
794
821
22
561
453
251
182
852
326
666
251
349
297
840
292
831
11
882
563
455
425
680
180
425
674
359
334
649
53
297
463
846
469
837
758
274
87
939
477
764
957
727
112
253
919
403
436
281
636
350
735
412
382
266
836
407
624
170
55
676
818
870
873
286
58
631
911
496
921
388
259
229
466
370
834
736
125
269
17
760
970
103
524
351
369
359
757
992
528
164
20
345
33
244
983
442
874
893
937
147
632
195
375
98
916
208
833
40
828
849
152
798
952
675
148
672
385
905
663
265
68
34
961
452
278
943
245
503
188
181
649
819
727
24
916
642
583
101
34
411
949
537
560
252
563
707
923
947
963
938
563
382
971
524
185
600
466
429
103
5
961
751
824
687
126
91
681
61
191
66
471
492
954
30
743
516
88
18
814
51
955
377
784
277
900
969
229
717
749
331
722
710
81
545
748
559
987
780
619
178
197
441
669
150
822
763
665
909
780
479
311
86
207
447
715
106
415
943
174
515
273
895
224
705
791
324
615
778
455
233
955
652
25
975
801
846
737
818
107
869
296
417
954
854
215
20
311
629
962
484
496
234
379
71
291
169
394
905
298
201
490
604
852
514
578
4
360
667
821
818
535
468
586
840
321
801
860
631
781
821
115
276
407
845
347
697
365
92
953
663
292
442
266
495
308
196
499
19
862
319
836
396
787
421
235
107
573
94
90
354
267
556
629
673
400
975
721
764
419
673
778
710
467
396
205
126
591
55
144
804
373
331
551
511
751
137
618
324
583
59
29
849
614
657
873
13
984
593
128
402
617
906
463
435
301
19
560
243
73
55
46
446
385
596
308
488
84
277
163
666
335
191
514
948
199
738
312
534
330
440
287
299
697
750
85
349
768
997
591
193
51
988
990
788
935
297
627
18
574
789
684
908
331
549
208
881
287
519
767
968
310
53
618
358
802
703
706
922
699
296
114
101
635
455
888
569
751
514
587
324
654
622
584
336
522
143
569
160
661
335
128
323
387
97
680
541
799
738
814
849
385
279
950
20
733
189
588
483
55
526
159
60
147
94
396
669
236
316
180
248
650
659
922
388
756
954
928
906
691
93
755
75
371
56
94
103
244
34
938
650
559
448
710
58
893
457
78
128
772
257
727
773
916
649
512
671
602
440
576
644
884
682
718
255
737
164
357
333
197
646
334
755
93
43
812
337
499
241
464
622
498
543
746
413
191
258
435
144
49
10
787
932
44
856
186
132
19
895
816
215
892
150
322
337
192
485
673
43
726
137
16
223
679
762
987
221
371
421
716
419
782
854
350
825
709
888
957
728
782
124
294
673
273
967
9
817
452
682
211
529
170
226
103
200
339
89
772
709
861
487
479
642
340
181
467
48
68
775
127
201
250
773
873
523
739
234
691
542
267
901
422
788
478
524
987
169
964
758
229
824
596
708
466
935
888
284
334
955
410
461
155
659
585
379
533
675
964
223
569
230
123
990
17
601
514
355
121
829
464
349
653
59
56
118
993
295
753
327
601
162
139
107
172
75
486
705
749
449
927
317
31
50
307
399
2
172
106
122
1000
569
822
4
628
878
121
972
524
873
650
125
386
140
231
558
214
68
262
963
517
188
631
899
589
289
649
942
460
754
415
812
675
237
815
654
466
288
625
989
512
627
113
898
766
696
455
980
763
68
294
631
607
924
529
548
213
530
489
24
283
904
187
309
492
354
962
957
641
587
945
504
565
410
401
330
105
207
661
219
626
954
850
233
878
730
780
90
259
620
465
894
875
652
202
366
5
164
322
997
102
619
500
666
380
253
995
836
811
8
54
437
961
903
669
838
633
800
279
891
419
96
784
294
747
986
659
103
149
333
99
250
303
950
267
682
202
613
517
13
620
570
449
581
825
469
770
457
620
401
347
38
496
483
683
242
468
694
696
968
26
794
569
680
743
835
361
297
799
229
309
419
150
109
351
974
577
472
430
548
872
129
585
367
611
620
960
430
313
7
749
690
800
317
369
895
503
81
191
653
309
851
71
458
959
773
432
887
245
213
434
116
341
370
835
303
989
146
732
301
153
480
342
304
148
710
198
2
790
740
655
450
942
77
260
252
850
43
490
446
255
275
913
948
645
747
250
985
245
982
638
397
813
979
52
313
41
602
666
182
693
320
632
635
749
891
886
950
933
376
395
539
2
307
486
646
406
736
983
650
69
620
398
233
950
449
545
990
50
211
172
95
882
155
729
